60
3 33
34 46
15 2
52 52
3 16
21 54
11 27
17 12
19 0
2 3
22 7
55 46
24 3
19 46
10 40
53 27
36 17
58 22
7 11
13 31
7 55
18 31
44 38
21 30
31 27
4 52
5 12
42 20
26 47
10 50
23 38
59 5
0 30
48 42
53 8
17 34
35 14
36 32
48 14
11 1
2 28
44 21
59 9
15 15
25 56
56 20
26 4
5 0
22 12
10 11
2 8
46 16
0 0
10 28
42 34
15 54
3 22
51 18
44 56
13 10
46 23
26 47
31 38
2 31
41 18
33 8
50 37
55 31
1 45
12 26
55 29
10 27
39 19
22 19
52 14
11 7
19 36
47 20
0 19
18 43
28 18
11 54
12 56
14 46
3 15
46 23
23 57
17 47
38 36
10 1
36 16
0 19
27 33
23 1
20 11
11 12
56 33
9 22
36 0
53 20
21 56
30 43
2 24
16 9
38 26
42 5
16 36
31 40
54 8
32 1
39 33
55 44
55 59
13 3
7 23
37 41
30 47
53 18
11 19
40 51
33 17
55 9
30 42
37 55
9 57
49 34
41 20
56 11
25 25
18 9
21 5
28 22
54 6
0 20
56 14
16 12
25 20
29 58
19 43
44 0
19 23
32 38
26 39
29 52
46 31
31 58
29 34
40 6
38 31
41 9
42 20
2 28
53 6
23 24
29 58
28 45
5 6
14 50
46 30
30 9
59 14
58 22
36 34
44 41
5 0
54 37
50 12
13 56
15 5
46 59
41 28
37 16
28 6
57 36
19 45
10 40
27 33
59 29
37 26
13 0
18 42
6 22
28 31
28 39
4 20
14 59
32 8
22 41
19 19
48 59
2 3
9 54
33 20
19 57
51 51
21 31
52 8
52 53
16 12
51 5
57 18
40 32
52 19
15 57
19 22
15 35
22 36
54 40
6 3
19 9
13 14
38 32
15 7
37 30
1 46
33 1
48 16
40 40
45 33
52 50
56 7
22 47
58 43
13 59
10 13
39 2
19 33
24 46
23 21
45 15
33 49
36 13
33 33
58 34
58 28
24 5
20 12
1 22
26 21
25 52
48 18
45 26
20 54
37 53
40 54
52 53
38 2
25 8
4 26
51 23
45 44
24 22
34 50
56 21
38 3
22 15
48 1
24 27
32 41
50 20
50 59
49 4
46 37
56 46
23 48
22 57
41 16
53 37
11 59
25 27
49 25
1 23
23 49
15 39
54 38
45 56
51 41
47 11
10 1
37 30
8 13
39 47
4 40
10 56
38 20
27 18
8 54
27 42
51 2
37 2
38 21
7 4
34 55
9 12
39 10
46 28
30 44
19 45
8 50
47 9
57 48
17 32
51 55
57 50
7 52
31 2
30 1
41 8
41 26
38 45
6 55
53 34
36 41
30 12
24 27
43 1
24 46
26 1
50 42
56 37
44 53
31 34
56 58
55 19
50 20
23 36
45 30
10 56
12 52
7 6
22 51
54 21
55 33
18 9
15 42
9 46
57 28
24 18
47 13
11 15
30 0
33 9
55 2
3 21
44 9
11 13
52 48
23 31
7 7
3 54
22 34
5 11
32 14
53 23
59 22
10 45
7 49
12 22
19 45
15 17
12 47
24 48
55 47
0 10
10 38
30 47
36 1
36 35
47 44
19 17
7 45
42 43
38 15
59 45
15 22
59 33
15 13
30 30
20 2
18 41
7 9
50 54
57 30
25 2
20 47
33 50
8 44
9 53
11 56
21 51
7 10
55 54
25 24
45 9
23 16
30 16
15 57
10 12
0 7
49 53
56 17
45 33
4 24
25 47
26 8
36 30
23 51
48 0
36 25
28 35
58 1
26 17
28 26
42 31
35 24
9 20
19 51
28 32
39 19
44 38
5 7
59 5
28 21
40 47
29 43
26 36
4 44
3 23
7 24
35 50
52 17
47 44
14 25
2 6
35 45
48 53
48 47
16 23
47 32
50 28
59 7
43 36
35 3
53 47
24 30
48 23
38 17
9 17
34 29
47 5
6 3
46 30
41 50
24 18
49 1
28 42
41 52
53 16
11 40
0 4
33 24
26 33
56 27
58 36
5 0
9 58
36 10
22 12
8 46
30 57
53 10
56 10
12 49
55 39
23 40
6 20
45 52
46 3
31 42
33 19
34 34
46 0
20 26
8 56
8 45
3 26
57 25
22 30
55 50
24 20
20 47
35 57
36 12
37 51
57 40
50 48
10 48
55 51
25 49
57 23
25 24
41 32
17 3
16 0
0 53
28 47
50 48
47 55
43 10
32 19
9 22
3 0
35 42
24 38
35 26
40 57
16 0
43 57
12 13
33 20
57 18
1 36
40 52
12 29
55 43
13 16
15 59
55 58
22 7
46 48
34 19
15 4
38 46
59 27
7 6
39 42
38 6
43 23
40 26
48 53
28 8
7 54
58 52
34 54
37 28
37 2
33 7
29 29
50 55
40 35
13 12
51 38
36 14
6 29
41 31
10 56
34 9
53 41
41 21
48 29
52 38
30 37
15 30
25 25
57 41
4 25
37 26
42 31
37 8
30 14
12 34
31 31
25 50
31 39
11 0
18 39
19 44
34 43
2 35
38 34
53 40
21 32
26 39
30 2
43 15
17 18
30 55
54 48
25 22
5 9
54 29
41 1
20 45
37 24
16 10
53 4
26 21
4 14
14 48
20 48
23 0
55 5
20 38
48 29
19 5
36 17
28 59
22 17
39 49
19 15
41 51
6 40
12 32
45 7
6 55
4 21
55 3
40 0
19 21
13 39
30 47
38 22
15 5
19 12
45 29
25 52
